%YAML:1.0
---
CameraExtrinsicMat: !!opencv-matrix
   rows: 4
   cols: 4
   dt: d
   data: [ 0.9997292065629623, -0.02230752072255574, -0.00662480672946536, 0.0096941,
       0.007767368124299605, 0.05152786117397275, 0.9986413507937959, 0.328304,
       -0.02193585050577337, -0.9984223825826666, 0.05168717849273478, -0.0810659,
       0., 0., 0., 1. ]
CameraMat: !!opencv-matrix
   rows: 3
   cols: 3
   dt: d
   data: [ 1.8197730045285925e+03, 0., 9.8133454452869330e+02, 0.,
       1.8172540660035233e+03, 6.5357561437819356e+02, 0., 0., 1. ]
DistCoeff: !!opencv-matrix
   rows: 1
   cols: 5
   dt: d
   data: [ -3.0107219617383701e-01, 1.3094258957024510e-01,
       9.2727491973148895e-04, 2.1958345616541110e-03,
       -1.8515387443325825e-02 ]
ImageSize: [ 1920, 1208 ]
ReprojectionError: 0
DistModel: plumb_bob
