%YAML:1.0
---
CameraExtrinsicMat: !!opencv-matrix
   rows: 4
   cols: 4
   dt: d
   data: [ 9.9974312379036034e-01, -1.9809227409758379e-02,
       -1.1012762746951156e-02, 1.2331418881157918e-01,
       1.1988024209514038e-02, 4.9807236307702576e-02,
       9.9868690112914815e-01, 2.8876709531594097e-01,
       -1.9234700659076117e-02, -9.9856238348979343e-01,
       5.0031915511387179e-02, -6.3747838956880812e-02, 0., 0., 0., 1. ]
CameraMat: !!opencv-matrix
   rows: 3
   cols: 3
   dt: d
   data: [ 1.8197730045285925e+03, 0., 9.8133454452869330e+02, 0.,
       1.8172540660035233e+03, 6.5357561437819356e+02, 0., 0., 1. ]
DistCoeff: !!opencv-matrix
   rows: 1
   cols: 5
   dt: d
   data: [ -3.0107219617383701e-01, 1.3094258957024510e-01,
       9.2727491973148895e-04, 2.1958345616541110e-03,
       -1.8515387443325825e-02 ]
ImageSize: [ 1920, 1208 ]
ReprojectionError: 3.7
DistModel: plumb_bob
CalibData: !!opencv-matrix
   rows: 9
   cols: 5
   dt: f
   data: [ 771., 734., -5.46591568e+00, 4.33529663e+01, 2.68922806e-01,
       540., 790., -5.39022732e+00, 2.17211227e+01, -5.29754639e-01,
       296., 832., -5.99057579e+00, 1.52813663e+01, -7.61959195e-01,
       620., 835., -3.12823009e+00, 1.53509493e+01, -7.28336811e-01,
       954., 834., -3.54192674e-01, 1.53156586e+01, -8.01410437e-01,
       885., 867., -7.97146678e-01, 1.41741705e+01, -9.96701419e-01,
       1025., 864., 2.68509775e-01, 1.41978426e+01, -1.00116968e+00,
       1263., 862., 2.11289120e+00, 1.42217312e+01, -1.00625360e+00,
       1396., 859., 3.17473030e+00, 1.42255449e+01, -1.02644694e+00 ]
