%YAML:1.0
---
CameraExtrinsicMat: !!opencv-matrix
   rows: 4
   cols: 4
   dt: d
   data: [ 9.9928101996129848e-01, -1.4705835114798066e-02,
       -3.4945408263225661e-02, -2.3937394308107743e-01,
       3.5516713746609863e-02, 4.0569277056607546e-02,
       9.9854529031173422e-01, -1.8364043812886366e+00,
       -1.3266732444295472e-02, -9.9906850224230404e-01,
       4.1062411492396422e-02, -1.8965858972529628e-02, 0., 0., 0., 1. ]
CameraMat: !!opencv-matrix
   rows: 3
   cols: 3
   dt: d
   data: [ 9.7668980633530612e+02, 0., 9.5143353026375689e+02, 0.,
       9.7819987550996109e+02, 6.5008451605070672e+02, 0., 0., 1. ]
DistCoeff: !!opencv-matrix
   rows: 1
   cols: 5
   dt: d
   data: [ -3.3207703493381524e-01, 1.1797507627429564e-01,
       2.5336992024506139e-04, 2.0878891988323998e-04,
       -1.9164438855106058e-02 ]
ImageSize: [ 1920, 1208 ]
ReprojectionError: 4.1810231208801270e+00
DistModel: plumb_bob
CalibData: !!opencv-matrix
   rows: 11
   cols: 5
   dt: f
   data: [ 448., 821., -5.55299759e+00, 6.64387512e+00, -1.20423412e+00,
       554., 781., -5.96847439e+00, 1.03012981e+01, -1.33665895e+00,
       605., 734., -7.75926542e+00, 1.62755299e+01, -8.28881979e-01,
       1092., 708., 3.16417336e+00, 2.94933739e+01, -5.57862997e-01,
       1091., 658., 3.10611439e+00, 2.91597919e+01, 9.01398540e-01,
       1219., 672., 6.86748409e+00, 2.73676834e+01, 2.70054340e-01,
       1219., 711., 6.87306452e+00, 2.73223705e+01, -7.62773752e-01,
       1278., 719., 6.75506496e+00, 2.11881371e+01, -6.99059963e-01,
       1269., 673., 6.87809753e+00, 2.19661789e+01, 2.87184238e-01,
       1370., 735., 6.98612881e+00, 1.54895935e+01, -9.82451916e-01,
       1541., 764., 7.02441454e+00, 9.39353180e+00, -1.20421243e+00 ]
