%YAML:1.0
CameraExtrinsicMat: !!opencv-matrix
   rows: 4
   cols: 4
   dt: d
   data: [ 1., 0., 0., 0.,
       0., 0., 1., 0.,
       0., -1., 0., 0.,
       0., 0., 0., 1. ]
CameraMat: !!opencv-matrix
   rows: 3
   cols: 3
   dt: d
   data: [ 9.7668980633530612e+002, 0., 9.5143353026375689e+002, 0.,
       9.7819987550996109e+002, 6.5008451605070672e+002, 0., 0., 1. ]
DistCoeff: !!opencv-matrix
   rows: 1
   cols: 5
   dt: d
   data: [ -3.3207703493381524e-001, 1.1797507627429564e-001, 2.5336992024506139e-004, 2.0878891988323998e-004, -1.9164438855106058e-002 ]
ImageSize: [ 1920, 1208 ]
